631.0
615.0
584.0
633.0
597.0
660.0
608.0
601.0
622.0
663.0
597.0
630.0
600.0
608.0
603.0
589.0
579.0
592.0
569.0
600.0
600.0
570.0
540.0
571.0
570.0
542.0
599.0
540.0
599.0
600.0
630.0
720.0
1170.0
599.0
601.0
660.0
600.0
539.0
571.0
600.0
600.0
600.0
631.0
630.0
598.0
600.0
630.0
644.0
647.0
600.0
598.0
601.0
601.0
629.0
604.0
604.0
563.0
602.0
597.0
612.0
561.0
600.0
602.0
598.0
598.0
605.0
595.0
605.0
595.0
606.0
600.0
564.0
600.0
539.0
601.0
599.0
550.0
601.0
566.0
564.0
553.0
616.0
601.0
539.0
541.0
539.0
571.0
600.0
570.0
600.0
570.0
541.0
570.0
600.0
570.0
547.0
566.0
567.0
580.0
530.0
576.0
563.0
550.0
604.0
586.0
631.0
636.0
599.0
597.0
599.0
638.0
652.0
599.0
604.0
594.0
572.0
548.0
591.0
660.0
631.0
705.0
585.0
631.0
660.0
599.0
631.0
628.0
663.0
606.0
633.0
650.0
600.0
600.0
599.0
600.0
621.0
580.0
637.0
592.0
660.0
601.0
599.0
601.0
649.0
585.0
598.0
596.0
661.0
601.0
600.0
599.0
612.0
559.0
600.0
548.0
598.0
568.0
567.0
551.0
563.0
588.0
546.0
540.0
570.0
511.0
1559.0
480.0
630.0
547.0
681.0
722.0
689.0
630.0
4982.0
538.0
579.0
567.0
593.0
601.0
570.0
601.0
539.0
600.0
600.0
631.0
670.0
650.0
638.0
630.0
652.0
630.0
598.0
661.0
600.0
600.0
544.0
655.0
629.0
632.0
721.0
688.0
662.0
668.0
650.0
629.0
600.0
637.0
623.0
600.0
543.0
574.0
564.0
546.0
564.0
602.0
637.0
683.0
656.0
630.0
633.0
657.0
659.0
661.0
630.0
660.0
631.0
629.0
660.0
667.0
653.0
629.0
669.0
622.0
629.0
661.0
599.0
630.0
610.0
559.0
603.0
628.0
661.0
635.0
624.0
661.0
635.0
595.0
604.0
655.0
542.0
603.0
569.0
596.0
571.0
599.0
570.0
549.0
568.0
564.0
540.0
571.0
579.0
533.0
600.0
568.0
602.0
613.0
554.0
570.0
600.0
600.0
540.0
604.0
626.0
600.0
600.0
600.0
542.0
568.0
599.0
600.0
572.0
599.0
572.0
600.0
600.0
601.0
600.0
546.0
598.0
565.0
602.0
567.0
599.0
572.0
599.0
630.0
570.0
601.0
600.0
601.0
598.0
603.0
569.0
564.0
576.0
661.0
629.0
600.0
570.0
570.0
600.0
630.0
636.0
602.0
623.0
600.0
600.0
600.0
600.0
548.0
566.0
567.0
510.0
570.0
523.0
526.0
510.0
513.0
537.0
513.0
597.0
630.0
691.0
659.0
644.0
556.0
600.0
546.0
534.0
514.0
566.0
480.0
511.0
569.0
511.0
568.0
571.0
544.0
600.0
655.0
663.0
687.0
733.0
680.0
688.0
664.0
683.0
633.0
570.0
599.0
599.0
661.0
629.0
601.0
629.0
569.0
601.0
600.0
599.0
597.0
663.0
600.0
660.0
661.0
665.0
654.0
630.0
540.0
549.0
599.0
600.0
684.0
627.0
660.0
664.0
667.0
620.0
690.0
630.0
613.0
585.0
572.0
600.0
572.0
628.0
599.0
693.0
637.0
564.0
601.0
566.0
605.0
548.0
598.0
559.0
613.0
558.0
600.0
600.0
600.0
569.0
630.0
600.0
630.0
700.0
685.0
632.0
653.0
1561.0
509.0
614.0
766.0
1470.0
810.0
721.0
719.0
668.0
683.0
659.0
630.0
600.0
599.0
570.0
600.0
510.0
570.0
546.0
569.0
567.0
597.0
572.0
509.0
571.0
549.0
587.0
663.0
630.0
689.0
716.0
725.0
720.0
723.0
686.0
673.0
676.0
691.0
631.0
689.0
627.0
601.0
603.0
570.0
570.0
600.0
570.0
539.0
570.0
598.0
599.0
573.0
540.0
571.0
509.0
630.0
601.0
600.0
629.0
635.0
600.0
655.0
600.0
570.0
511.0
596.0
573.0
601.0
600.0
600.0
600.0
600.0
600.0
570.0
600.0
511.0
600.0
520.0
589.0
569.0
601.0
600.0
570.0
626.0
604.0
661.0
634.0
599.0
600.0
604.0
633.0
600.0
620.0
600.0
600.0
540.0
609.0
590.0
600.0
570.0
574.0
536.0
568.0
602.0
662.0
598.0
553.0
533.0
537.0
3986.0
543.0
567.0
571.0
635.0
625.0
659.0
690.0
675.0
675.0
720.0
690.0
632.0
688.0
665.0
682.0
663.0
630.0
631.0
659.0
630.0
626.0
664.0
633.0
606.0
652.0
632.0
602.0
600.0
565.0
601.0
535.0
665.0
631.0
658.0
626.0
601.0
634.0
659.0
626.0
603.0
571.0
600.0
599.0
632.0
569.0
614.0
586.0
569.0
546.0
4767.0
601.0
565.0
605.0
563.0
572.0
545.0
569.0
600.0
567.0
631.0
599.0
570.0
599.0
605.0
625.0
690.0
689.0
662.0
658.0
630.0
632.0
687.0
662.0
671.0
649.0
600.0
635.0
630.0
654.0
634.0
658.0
624.0
639.0
615.0
635.0
606.0
630.0
601.0
599.0
601.0
660.0
636.0
595.0
601.0
600.0
607.0
594.0
569.0
535.0
572.0
599.0
576.0
625.0
660.0
600.0
537.0
567.0
605.0
569.0
544.0
563.0
574.0
514.0
535.0
481.0
534.0
546.0
510.0
514.0
536.0
513.0
484.0
513.0
531.0
541.0
509.0
506.0
603.0
599.0
573.0
546.0
593.0
609.0
647.0
637.0
600.0
601.0
656.0
601.0
542.0
603.0
562.0
602.0
661.0
630.0
690.0
629.0
631.0
689.0
626.0
665.0
602.0
534.0
580.0
565.0
598.0
599.0
631.0
599.0
596.0
575.0
569.0
600.0
540.0
540.0
600.0
570.0
626.0
604.0
595.0
576.0
600.0
601.0
628.0
571.0
594.0
576.0
600.0
600.0
545.0
595.0
572.0
600.0
604.0
596.0
603.0
620.0
576.0
570.0
570.0
601.0
600.0
635.0
685.0
662.0
684.0
720.0
694.0
690.0
666.0
653.0
664.0
601.0
655.0
600.0
614.0
615.0
661.0
600.0
632.0
599.0
690.0
630.0
691.0
632.0
657.0
628.0
636.0
655.0
600.0
600.0
600.0
627.0
638.0
599.0
657.0
627.0
668.0
655.0
601.0
595.0
597.0
605.0
665.0
605.0
593.0
636.0
652.0
633.0
635.0
599.0
653.0
665.0
683.0
661.0
623.0
638.0
659.0
639.0
591.0
644.0
586.0
597.0
663.0
605.0
632.0
654.0
664.0
656.0
600.0
625.0
640.0
656.0
601.0
629.0
570.0
630.0
598.0
665.0
597.0
603.0
597.0
603.0
589.0
608.0
569.0
510.0
513.0
564.0
520.0
2450.0
598.0
635.0
684.0
696.0
720.0
673.0
678.0
605.0
564.0
570.0
550.0
531.0
536.0
544.0
504.0
518.0
539.0
516.0
597.0
657.0
780.0
780.0
789.0
833.0
835.0
818.0
805.0
811.0
720.0
720.0
628.0
684.0
639.0
628.0
661.0
600.0
600.0
626.0
603.0
570.0
600.0
601.0
592.0
607.0
562.0
601.0
608.0
690.0
654.0
696.0
689.0
665.0
717.0
717.0
692.0
690.0
638.0
651.0
665.0
717.0
681.0
698.0
630.0
690.0
671.0
682.0
657.0
661.0
599.0
653.0
665.0
604.0
659.0
631.0
659.0
636.0
684.0
600.0
635.0
685.0
631.0
635.0
596.0
605.0
653.0
596.0
597.0
601.0
636.0
616.0
644.0
661.0
599.0
660.0
630.0
628.0
632.0
632.0
600.0
639.0
679.0
690.0
665.0
679.0
639.0
683.0
631.0
654.0
609.0
642.0
583.0
576.0
600.0
571.0
506.0
512.0
542.0
546.0
562.0
632.0
607.0
608.0
560.0
564.0
599.0
602.0
570.0
570.0
563.0
577.0
630.0
599.0
663.0
551.0
584.0
663.0
605.0
593.0
602.0
600.0
602.0
637.0
679.0
637.0
652.0
601.0
659.0
661.0
624.0
574.0
596.0
634.0
573.0
570.0
539.0
571.0
569.0
551.0
564.0
595.0
625.0
695.0
718.0
690.0
633.0
660.0
600.0
625.0
599.0
568.0
552.0
617.0
634.0
697.0
656.0
665.0
668.0
682.0
691.0
712.0
636.0
632.0
658.0
622.0
633.0
690.0
614.0
584.0
667.0
668.0
680.0
722.0
633.0
600.0
600.0
602.0
625.0
658.0
719.0
731.0
683.0
680.0
637.0
632.0
655.0
601.0
567.0
599.0
600.0
608.0
627.0
664.0
629.0
622.0
698.0
722.0
630.0
638.0
611.0
608.0
600.0
551.0
564.0
567.0
600.0
598.0
501.0
579.0
504.0
577.0
600.0
690.0
720.0
720.0
669.0
681.0
600.0
601.0
602.0
600.0
558.0
543.0
577.0
540.0
533.0
536.0
549.0
571.0
470.0
570.0
554.0
527.0
542.0
571.0
629.0
659.0
679.0
640.0
630.0
660.0
634.0
687.0
652.0
668.0
631.0
632.0
656.0
720.0
673.0
648.0
639.0
571.0
590.0
606.0
686.0
670.0
713.0
724.0
697.0
673.0
647.0
645.0
670.0
601.0
602.0
598.0
567.0
561.0
555.0
595.0
649.0
642.0
631.0
648.0
640.0
596.0
624.0
601.0
663.0
599.0
600.0
600.0
601.0
600.0
600.0
604.0
597.0
634.0
652.0
669.0
680.0
661.0
660.0
660.0
660.0
661.0
635.0
639.0
647.0
602.0
635.0
631.0
591.0
613.0
557.0
606.0
594.0
609.0
571.0
594.0
600.0
626.0
660.0
553.0
557.0
510.0
569.0
516.0
625.0
629.0
690.0
660.0
601.0
599.0
570.0
570.0
511.0
570.0
541.0
540.0
600.0
599.0
634.0
601.0
686.0
690.0
671.0
678.0
643.0
679.0
687.0
667.0
683.0
629.0
660.0
579.0
591.0
545.0
684.0
691.0
720.0
720.0
670.0
651.0
660.0
606.0
600.0
653.0
600.0
570.0
547.0
653.0
670.0
680.0
691.0
719.0
630.0
691.0
669.0
683.0
658.0
602.0
627.0
660.0
671.0
588.0
631.0
599.0
600.0
602.0
568.0
631.0
602.0
687.0
694.0
717.0
755.0
716.0
719.0
690.0
690.0
